-5.864709243178367615e-02
1.068941727280616760e-01
-7.715416699647903442e-02
5.040035769343376160e-02
2.051063254475593567e-02
-9.764663875102996826e-03
-3.252341970801353455e-02
-3.630197839811444283e-03
1.248189732432365417e-01
-2.213565167039632797e-03
4.031250253319740295e-02
-3.635823726654052734e-02
3.983257710933685303e-02
-3.800878673791885376e-02
5.300079286098480225e-02
-7.015452533960342407e-02
-5.526275560259819031e-02
2.477701380848884583e-02
-5.280975624918937683e-02
7.676650583744049072e-02
3.673264291137456894e-04
-6.297208368778228760e-02
9.159530512988567352e-03
-6.570218503475189209e-02
-6.720771640539169312e-02
-9.329969063401222229e-03
-3.786319866776466370e-02
-1.006896868348121643e-01
5.141127854585647583e-03
-7.445773482322692871e-02
8.735882118344306946e-03
-6.889770925045013428e-02
-3.632986173033714294e-02
4.512403905391693115e-02
4.944963753223419189e-02
4.685919359326362610e-02
-8.530391007661819458e-02
1.938966847956180573e-02
4.903163388371467590e-02
-7.132717221975326538e-02
-8.182784914970397949e-02
-3.139687702059745789e-02
-2.252480760216712952e-02
-1.380035653710365295e-02
-2.200933359563350677e-02
1.075813896022737026e-03
5.370131134986877441e-02
2.122258156305179000e-04
-3.520368784666061401e-02
7.001412659883499146e-02
9.814623044803738594e-04
-3.297844156622886658e-02
7.607401162385940552e-02
-4.791783913969993591e-02
7.409626990556716919e-02
4.741629958152770996e-02
9.555724263191223145e-02
4.006893187761306763e-02
-1.224115714430809021e-01
1.073565334081649780e-01
8.738347142934799194e-02
-8.428694307804107666e-02
-7.982978597283363342e-03
-6.783290207386016846e-02
-2.700497210025787354e-02
-5.522641539573669434e-02
-3.382896631956100464e-02
-2.229926921427249908e-02
-4.383910074830055237e-02
2.616715990006923676e-02
-2.146393992006778717e-02
3.902909904718399048e-02
-7.706362009048461914e-02